           1        2        3        4        5        6        7        8        9       10       11       12       13       14       15       16       17       18       19       20       21       22       23       24       25       26       27       28
19° 10000000 00001000 00001100 00000010 11111101 10000000 01111111 10001000 01001000 10010000 00100000 01100100 00000000 11000000 01100000 01100000 00000000 00000001 00000000 00000000 00000000 00000000 00000000 00000001 10000000 00110000 00000000 10110001
                                                                                                          100                                                                                                                                            177
           1        2        3        4        5        6        7        8        9       10       11       12       13       14       15       16       17       18       19       20       21       22       23       24       25       26       27       28
20° 10000000 00001000 00001100 00000010 11111101 10000000 01111111 10001000 01001000 00010000 00100000 00010100 00000000 11000000 01100000 01100000 00000000 00000001 00000000 00000000 00000000 00000000 00000000 00000001 10000000 00110000 00000000 00110001
                                                                                                           20                                                                                                                                             49
           1        2        3        4        5        6        7        8        9       10       11       12       13       14       15       16       17       18       19       20       21       22       23       24       25       26       27       28
21° 10000000 00001000 00001100 00000010 11111101 10000000 01111111 10001000 01001000 00010000 00100000 01010100 00000000 11000000 01100000 01100000 00000000 00000001 00000000 00000000 00000000 00000000 00000000 00000001 10000000 00110000 00000000 01010001
                                                                                                           84                                                                                                                                             81


           1        2        3        4        5        6        7        8        9       10       11       12       13       14       15       16       17       18       19       20       21       22       23       24       25       26       27       28       29       30       31       32       33       34       35       36       37       38       39       40       41       42       43       44
Off 10000000 00001000 00001100 00000010 11111101 10000000 01111111 01001000 01001000 11000000 00100000 01010100 00000000 11000000 01100000 01100000 00000000 00000000 00000000 00000000 00000000 00000000 00000000 00000001 10000000 00110000 00000000 01110000 10110000 00000001 00000001 10000000 01011111 10100001 00011110 11101000 10001100 00011101 00011100 00001010 00010000 00000110 10010000 00010000 001
                                                                        !               !                                                                        !                                                                                          !

           1        2        3        4        5        6        7        8        9       10       11       12       13       14       15       16       17       18       19       20       21       22       23       24       25       26       27       28       29       30       31       32       33       34       35       36       37       38       39       40       41       42       43       44
On  10000000 00001000 00001100 00000010 11111101 10000000 01111111 01001000 01001000 11000000 00100000 00010100 00000000 11000000 01100000 01100000 00000000 00000001 00000000 00000000 00000000 00000000 00000000 00000001 10000000 00110000 00000000 00001001 10110000 00000001 00000001 10000000 01011111 10100001 00011110 11101000 10001100 00011101 00011100 00001010 00011110 00010101 10010000 00001010 110
